67346496
5947198
36955508
21571314
14677717
30216593
8047405
56395676
34042776
46547408
32513701
9318413
1615443
52436806
17716879
50876857
23888583
41104993
63331671
18278533
44135699
3363273
64163796
29082044
32925204
73114793
43198776
52511400
32637720
69082853
13428
39321768
14367604
59779336
60893082
29045321
6523081
8278040
24778549
40565857
77635848
57292251
72694670
18588843
49066609
29749102
69465700
12292744
10191647
72134923
30571277
54327346
75498197
11262225
22746942
47760953
23714571
5283270
39609905
56352291
13703676
39623333
35011611
28071280
38740222
12431845
79927001
45263303
43520285
21232703
25166713
37683286
17862506
37198935
56272129
66929115
66948037
65075382
18559411
77139684
53737457
49130688
70804583
68573206
60392914
10078677
55671712
634637
38172348
11808769
79797328
51876024
74242503
31336091
19284856
29509877
66578336
15739009
14110732
26625774
59782112
39277445
3646612
16982170
76476381
59918741
23248837
82761970
64331675
41808248
76428807
57406685
7466089
63760542
65317443
7196555
13176771
37516307
30641592
51349119
49325077
49776472
42562695
62905132
81112563
61847551
8942161
3555603
77586561
23052893
30181377
76706225
1667891
56638389
10215548
17481824
33084283
33464385
16770946
36753510
75272634
32537305
10687347
22076275
12824999
76004791
29272830
48812171
52858650
59914422
16688442
41521279
26218046
59251138
20953563
46668161
60436241
29895724
50223764
54549954
75759018
19742694
70593732
16764461
76381083
80809280
34246285
48802918
30800817
73827631
24893981
45411003
22892089
58391728
67487278
58527488
73734071
36097660
23866811
43119874
12539234
63365654
1168305
61567680
61954344
22121869
47573393
38917737
74827993
37134710
32805244
6451715
56877404
19926128
23216176
72596039
17262560
80272861
60736510
70873777
70627645
24968043
55622333
32857286
83359771
39636763
7911926
73620995
15071976
54589138
56078421
27611210
34481944
57246726
28516443
35773840
18706147
76089836
14029129
10061293
29751698
46834373
16513008
25966654
6098053
62539585
37900246
23360613
59339598
37974308
33571943
46494395
62942351
28531828
18689233
2166826
7506143
26601160
15125373
22578119
20527850
71203794
72999730
55009794
44977673
18043325
30121186
3021372
33470713
44150315
13082665
63222412
30322241
52406074
28526618
36420294
31472811
5764416
82591308
7339561
43738724
55500803
76644357
46018627
559783
11860742
48185454
8065926
61272302
63310827
30644046
81800152
73852174
20170928
76147498
58167399
61024653
45606236
61188771
11022518
6283704
13608989
74244930
59416345
66015063
42109101
12363791
36825426
47873517
11482251
66975387
30949794
66983054
82957296
76968421
6880389
34155591
64491427
14946316
11955045
67139807
68400762
33092750
57519133
5098842
48577800
32213684
66123495
10711189
9929607
77146013
39805293
23538596
7255648
15748790
28891211
72175149
50922981
65716637
36575818
1742785
72029577
67525612
8063391
71514025
358738
14943781
22196768
64850165
29890097
56962214
48517124
14818011
29392516
45373809
42727253
77970316
77587493
48188300
28019057
4044253
64671865
67824350
50393249
11265065
22910692
79284461
83440214
13171226
865802
59353585
14914011
72895379
66216749
22977402
274109
66575487
37921183
45281277
70763205
7148832
18770643
58617881
44777243
48163159
20518843
4031648
65471028
14633488
52219948
10017237
41488141
56229366
77841588
8408543
67494431
40089832
27030556
67461798
53261058
27896358
66152935
68175069
40129290
48896836
7679624
40403399
54809876
68411207
2211828
42100233
75560040
43792872
17245266
36864435
31293583
60574509
63706484
13291763
75207998
55263984
23309001
33223291
28020502
40488141
64442234
12042086
80577973
7999942
18841436
73176584
58706701
1521523
80689205
38173543
73228759
27706381
17914494
44565787
12644741
42936722
26003572
27542333
3256746
66059239
64406768
34550330
43160900
44640404
47842093
57706450
16431541
10488646
30267294
67262443
50976787
11236680
79304529
70892313
42047023
37483517
83406449
40091276
39005040
80622806
78264819
51571352
24856340
12706465
12664291
60311481
55643187
61478264
4380966
81710334
44064655
8125286
55598216
3752707
75576091
42777861
61459158
31345184
53266508
8253604
15134779
20770447
42300684
33776861
31000312
874859
71260378
30933913
40966135
49602971
28083872
58568506
17701475
75750612
71274971
53176166
52589245
66255711
31181582
79780611
64493197
75246237
4433049
59428965
18336497
19346692
18733978
19133207
50691876
72000486
27386811
65826656
32108486
9025047
16130669
63108798
32710307
26728599
33380264
73676442
76331570
801688
71582501
33370597
15889852
59384624
3073916
68479097
64977887
34255498
4124412
68808636
48839288
31367861
44764753
67175785
50714554
63498732
2836144
17933582
74836770
53033355
23097790
23472408
62058402
62038859
25918759
11295861
5294611
59299023
24309856
20963733
82911111
35229909
54334331
15328115
33952085
80218647
23144764
15457125
53811697
27269176
23603313
41988537
58637037
68368067
25691474
48689143
71204351
51338018
66622726
62568273
43708925
29058068
2567834
45104880
7624080
51296993
79211141
35729091
49933568
42858549
56692824
49371831
78088458
50364707
64699946
28567696
69920906
4371862
44024821
40259756
54451438
67628134
82248293
52426027
75333753
47277320
17642323
63065256
37952890
23602601
42160682
81661816
52660669
67538916
43293848
83095149
35363061
61842541
35351392
1823781
21228243
8571369
74006012
15843853
81746476
55233110
44411549
68194535
82415372
4963522
24981443
53393962
11929209
46567288
45157541
3790114
33182160
62799864
66855371
71135051
25740017
48353605
8661571
17738239
55230073
51955419
17360540
7120286
53135512
52711933
31754467
74363755
620854
22287631
6734761
82367330
16858293
51146310
67089017
15800817
78920233
31408012
8532331
30186994
17312853
53689872
33977108
50495013
33016889
40170031
38157216
81567306
27861188
46818787
15832697
83091261
38111758
33193238
29549099
7774423
2432323
61303566
82138178
3053177
22928749
28210491
24758059
39787042
18694354
8374229
55587859
14141739
62592641
64120190
44328733
79905494
34337215
17643393
46927660
6691656
57813425
24422428
27596514
25012165
71241216
43429212
24630579
48690526
15960002
54179678
56464949
18392325
54820797
77940680
44255902
77749546
22678323
8351513
34063741
41372677
16725742
6178752
78324816
18655936
9636495
61991101
15088582
66784110
79634495
1353794
12813318
76785472
25776223
40409832
18324789
36354991
366196
65765768
1572669
16326198
59282999
80848019
57528923
30630948
75315851
41122377
24907646
37331726
49473891
58971387
18041956
5537185
4487692
35704324
47003521
36934587
14222578
62092104
20245849
33194625
2783450
33059167
49317649
28559673
12806551
67642438
4252216
35983148
72745759
5824886
75119746
48555910
3200057
49175822
79186858
17853460
29635751
43432056
77995586
18447194
18930596
35375094
46794780
46228688
71079419
10325453
83163275
24639549
11755109
19936276
57834174
14538560
75805843
23678975
65908633
5139546
30658965
70160850
41122694
42742276
15323288
32769593
7825338
18523345
21282967
26349748
59187205
73729118
69781805
76520343
8703465
28049953
28422590
78308645
74278641
38839561
5161250
73969068
63479110
16916360
33242896
60650836
31454920
48386291
23667363
13890705
76336237
54326328
23389107
56796484
13595757
38712395
6093229
44231495
80046140
50186596
70581244
55760497
63253266
56890201
48807993
11294283
1467306
16568135
6130080
15083499
55407696
11291331
28390119
35413958
28207691
970567
12591946
82473011
49356858
36259309
35701268
42220247
29923189
59090376
15543883
66329346
37140323
44447512
27087994
33713616
33971660
37006790
6001265
13752079
33234543
77619658
25046362
57512249
33525345
31176443
72595748
5460193
65278174
17513019
40874151
32823417
18483586
76276497
31823580
7177996
51873358
67524848
72208643
21134100
65952776
4279679
26800998
19620252
71537591
53888992
53333868
44846804
30233334
82145533
81409283
63467877
15629896
45793197
37507278
49155241
16307192
49440578
54615435
81585366
6291149
34827138
30935935
24774735
50441188
62759515
54763131
41652098
69621916
43498927
2123750
74912244
70589006
28924749
11059648
58653749
22151293
3731068
42838105
52384628
25214154
40774540
55190057
40844050
3094890
9224488
29336843
42212482
81475466
479430
40325001
4293768
58116969
71260936
51878903
47895709
73358004
23169187
28885359
82317472
66668114
31009110
73756868
53784272
59933859
24154069
51775573
82085152
27885137
11140831
73807332
53099291
74725771
45524542
33280893
17158213
77559430
62617737
59370696
75562048
2434719
39033249
79855816
83362088
49631737
48261872
47784949
39516893
10768611
16007861
61171917
77436725
47016971
74266338
47748149
23477982
14947559
38861274
44900686
65643096
72812505
35235171
58079940
64065429
80759713
7887985
20561194
74846295
9843274
19269442
6273047
35088394
58302691
25466416
34977634
24461581
13065840
22100136
3316026
23834451
38107997
64487944
17798328
24462520
55281434
4884029
70750902
70228993
66555703
32178740
75209641
55895361
67413911
